243
8
-1
3
0
8
0
1
12
0
2
18
0
3
32
0
4
34
0
5
35
0
6
38
0
7
2
-1
3
1
42
0
21
2
-1
3
2
42
0
22
2
-1
3
3
39
0
23
2
-1
3
4
39
0
24
2
-1
3
5
39
0
25
2
-1
3
6
39
0
26
7
-1
3
7
8
0
1
12
0
2
18
0
3
32
0
4
34
0
5
35
0
6
2
-1
3
8
49
2
-1
1
-1
1
149
2
-1
1
0
38
0
31
1
-1
1
49
1
-1
1
86
1
-1
1
131
1
-1
1
87
1
-1
1
145
1
-1
1
147
1
-1
1
132
7
-1
3
18
8
0
1
12
0
2
18
0
3
32
0
4
34
0
5
35
0
6
6
-1
3
19
12
0
2
18
0
3
32
0
4
34
0
5
35
0
6
6
-1
3
20
12
0
2
18
0
3
32
0
4
34
0
5
35
0
6
2
-1
3
21
38
0
42
2
-1
3
22
38
0
43
2
-1
3
23
30
0
44
2
-1
3
24
22
0
45
2
-1
3
25
38
0
46
2
-1
3
26
38
0
47
2
-1
1
3
38
0
48
7
-1
3
28
8
0
1
12
0
2
18
0
3
32
0
4
34
0
5
35
0
6
6
-1
3
29
12
0
2
18
0
3
32
0
4
34
0
5
35
0
6
6
-1
3
30
12
0
2
18
0
3
32
0
4
34
0
5
35
0
6
3
-1
1
24
18
0
3
32
0
4
2
-1
1
6
38
0
57
1
-1
1
146
6
-1
3
34
12
0
2
18
0
3
32
0
4
34
0
5
35
0
6
6
-1
3
35
12
0
2
18
0
3
32
0
4
34
0
5
35
0
6
2
-1
1
12
38
0
62
1
-1
1
148
6
-1
3
38
12
0
2
18
0
3
32
0
4
34
0
5
35
0
6
1
-1
1
150
2
-1
1
1
38
0
65
5
-1
3
41
18
0
3
32
0
4
34
0
5
35
0
6
1
-1
1
117
1
-1
1
48
14
-1
3
44
4
0
67
18
0
3
20
0
68
21
0
69
22
0
70
31
0
71
32
0
72
38
0
73
39
0
74
40
0
75
41
0
76
42
0
77
47
0
78
3
-1
3
45
2
0
100
39
0
101
1
-1
1
144
1
-1
1
89
3
-1
1
27
18
0
3
32
0
4
2
-1
1
9
38
0
104
6
-1
3
50
12
0
2
18
0
3
32
0
4
34
0
5
35
0
6
6
-1
3
51
12
0
2
18
0
3
32
0
4
34
0
5
35
0
6
2
-1
1
15
38
0
109
6
-1
3
53
12
0
2
18
0
3
32
0
4
34
0
5
35
0
6
2
-1
1
4
38
0
112
5
-1
3
55
18
0
3
32
0
4
34
0
5
35
0
6
1
-1
1
50
3
-1
1
30
18
0
3
32
0
4
2
-1
1
18
38
0
114
6
-1
3
59
12
0
2
18
0
3
32
0
4
34
0
5
35
0
6
2
-1
1
7
38
0
117
5
-1
3
61
18
0
3
32
0
4
34
0
5
35
0
6
3
-1
1
36
18
0
3
32
0
4
2
-1
1
13
38
0
119
5
-1
3
64
18
0
3
32
0
4
34
0
5
35
0
6
3
-1
1
25
18
0
3
32
0
4
2
-1
1
2
38
0
121
2
-1
3
67
39
0
122
8
-1
3
68
13
0
123
22
0
70
38
0
124
39
0
74
40
0
75
41
0
76
42
0
77
9
-1
3
69
20
0
68
22
0
70
38
0
73
39
0
74
40
0
75
41
0
76
42
0
77
47
0
78
14
-1
3
70
4
0
67
18
0
3
20
0
68
21
0
69
22
0
70
31
0
71
32
0
72
38
0
73
39
0
74
40
0
75
41
0
76
42
0
77
47
0
78
9
-1
3
71
20
0
68
22
0
70
38
0
73
39
0
131
40
0
75
41
0
76
42
0
77
47
0
78
3
-1
3
72
22
0
133
39
0
24
2
-1
3
73
47
0
134
1
-1
1
126
1
-1
1
127
1
-1
1
128
1
-1
1
129
15
-1
3
78
4
0
67
18
0
3
20
0
68
21
0
69
22
0
70
31
0
71
32
0
72
38
0
135
39
0
74
40
0
75
41
0
76
42
0
77
47
0
78
48
0
136
3
-1
1
90
0
0
139
1
0
140
1
-1
1
133
1
-1
1
56
1
-1
1
57
1
-1
1
58
1
-1
1
91
1
-1
1
134
1
-1
1
92
1
-1
1
93
1
-1
1
94
1
-1
1
88
1
-1
1
135
1
-1
1
95
1
-1
1
96
1
-1
1
97
3
-1
1
107
15
0
141
16
0
142
1
-1
1
51
1
-1
1
130
1
-1
1
136
17
-1
1
118
3
0
145
5
0
146
7
0
147
9
0
148
10
0
149
11
0
150
17
0
151
19
0
152
22
0
153
24
0
154
25
0
155
26
0
156
27
0
157
28
0
158
33
0
159
36
0
160
1
-1
1
98
4
-1
3
100
20
0
68
38
0
73
47
0
78
1
-1
1
121
1
-1
1
122
3
-1
3
103
2
0
164
37
0
165
3
-1
1
33
18
0
3
32
0
4
2
-1
1
21
38
0
166
6
-1
3
106
12
0
2
18
0
3
32
0
4
34
0
5
35
0
6
2
-1
1
10
38
0
169
5
-1
3
108
18
0
3
32
0
4
34
0
5
35
0
6
3
-1
1
39
18
0
3
32
0
4
2
-1
1
16
38
0
171
5
-1
3
111
18
0
3
32
0
4
34
0
5
35
0
6
3
-1
1
28
18
0
3
32
0
4
2
-1
1
5
38
0
173
3
-1
1
42
18
0
3
32
0
4
2
-1
1
19
38
0
174
5
-1
3
116
18
0
3
32
0
4
34
0
5
35
0
6
3
-1
1
31
18
0
3
32
0
4
2
-1
1
8
38
0
176
3
-1
1
37
18
0
3
32
0
4
2
-1
1
14
38
0
177
3
-1
1
26
18
0
3
32
0
4
2
-1
3
122
14
0
178
1
-1
1
59
3
-1
3
124
38
0
73
47
0
78
2
-1
3
125
13
0
180
1
-1
1
61
4
-1
3
127
20
0
68
38
0
73
47
0
78
9
-1
1
111
3
0
145
10
0
149
11
0
150
19
0
152
22
0
153
28
0
158
33
0
159
36
0
160
1
-1
1
112
3
-1
3
130
2
0
182
38
0
183
5
-1
1
84
22
1
126
30
0
184
36
1
126
39
1
126
4
-1
3
132
22
0
153
36
0
160
39
0
185
2
-1
3
133
2
0
186
15
-1
3
134
4
0
67
18
0
3
20
0
68
21
0
69
22
0
70
31
0
71
32
0
72
38
0
187
39
0
74
40
0
75
41
0
76
42
0
77
47
0
78
48
0
188
3
-1
3
135
47
0
134
48
0
190
1
-1
1
62
3
-1
3
137
38
0
191
48
0
192
1
-1
1
70
9
-1
3
139
20
0
68
22
0
70
38
0
73
39
0
74
40
0
75
41
0
76
42
0
77
47
0
78
9
-1
3
140
20
0
68
22
0
70
38
0
73
39
0
74
40
0
75
41
0
76
42
0
77
47
0
78
4
-1
3
141
20
0
68
38
0
73
47
0
78
9
-1
3
142
20
0
68
22
0
70
38
0
73
39
0
74
40
0
75
41
0
76
42
0
77
47
0
78
3
-1
1
108
15
0
141
16
0
198
1
-1
1
109
1
-1
1
138
1
-1
1
76
9
-1
3
147
20
0
68
22
0
70
38
0
73
39
0
74
40
0
75
41
0
76
42
0
77
47
0
78
1
-1
1
75
1
-1
1
141
1
-1
1
143
9
-1
3
151
20
0
68
22
0
70
38
0
73
39
0
74
40
0
75
41
0
76
42
0
77
47
0
78
1
-1
1
142
15
-1
3
153
2
0
202
4
0
67
18
0
3
20
0
68
21
0
69
22
0
70
31
0
71
32
0
72
38
0
73
39
0
74
40
0
75
41
0
76
42
0
77
47
0
78
1
-1
1
74
1
-1
1
79
1
-1
1
78
1
-1
1
77
1
-1
1
140
1
-1
1
139
2
-1
3
160
39
0
205
9
-1
3
161
20
0
68
22
0
70
38
0
73
39
0
74
40
0
75
41
0
76
42
0
77
47
0
78
9
-1
3
162
20
0
68
22
0
70
38
0
73
39
0
74
40
0
75
41
0
76
42
0
77
47
0
78
1
-1
1
105
4
-1
3
164
20
0
68
38
0
73
47
0
78
2
-1
3
165
39
0
101
3
-1
1
45
18
0
3
32
0
4
2
-1
1
22
38
0
210
5
-1
3
168
18
0
3
32
0
4
34
0
5
35
0
6
3
-1
1
34
18
0
3
32
0
4
2
-1
1
11
38
0
212
3
-1
1
40
18
0
3
32
0
4
2
-1
1
17
38
0
213
3
-1
1
29
18
0
3
32
0
4
3
-1
1
43
18
0
3
32
0
4
2
-1
1
20
38
0
214
3
-1
1
32
18
0
3
32
0
4
3
-1
1
38
18
0
3
32
0
4
9
-1
3
178
20
0
68
22
0
70
38
0
73
39
0
74
40
0
75
41
0
76
42
0
77
47
0
78
2
-1
3
179
38
0
216
1
-1
1
60
1
-1
1
113
1
-1
1
124
2
-1
3
183
2
0
217
14
-1
3
184
4
0
67
18
0
3
20
0
68
21
0
69
22
0
70
31
0
71
32
0
72
38
0
73
39
0
74
40
0
75
41
0
76
42
0
77
47
0
78
2
-1
1
85
30
0
219
6
-1
3
186
6
0
220
20
0
68
23
0
221
38
0
73
47
0
78
3
-1
3
187
47
0
134
48
0
224
1
-1
1
63
3
-1
3
189
38
0
225
48
0
226
1
-1
1
66
15
-1
3
191
4
0
67
18
0
3
20
0
68
21
0
69
22
0
70
31
0
71
32
0
72
38
0
73
39
0
74
40
0
75
41
0
76
42
0
77
47
0
78
48
0
227
1
-1
1
64
1
-1
1
53
5
-1
1
118
7
0
147
17
0
151
22
0
153
36
0
160
1
-1
1
52
1
-1
1
116
4
-1
3
197
20
0
68
38
0
73
47
0
78
9
-1
3
198
20
0
68
22
0
70
38
0
73
39
0
74
40
0
75
41
0
76
42
0
77
47
0
78
1
-1
1
110
3
-1
1
119
22
0
153
36
0
160
3
-1
1
120
22
0
153
36
0
160
1
-1
1
80
3
-1
3
203
2
0
231
37
0
232
1
-1
1
54
1
-1
1
99
3
-1
1
73
22
0
153
36
0
160
3
-1
1
137
22
0
153
36
0
160
1
-1
1
106
1
-1
1
123
3
-1
1
46
18
0
3
32
0
4
2
-1
1
23
38
0
233
3
-1
1
35
18
0
3
32
0
4
3
-1
1
41
18
0
3
32
0
4
3
-1
1
44
18
0
3
32
0
4
4
-1
3
215
22
0
153
29
0
234
36
0
160
2
-1
3
216
13
0
235
1
-1
1
125
1
-1
1
82
14
-1
3
219
4
0
67
18
0
3
20
0
68
21
0
69
22
0
70
31
0
71
32
0
72
38
0
73
39
0
74
40
0
75
41
0
76
42
0
77
47
0
78
1
-1
1
103
1
-1
1
104
1
-1
1
101
4
-1
3
223
20
0
68
38
0
73
47
0
78
1
-1
1
67
15
-1
3
225
4
0
67
18
0
3
20
0
68
21
0
69
22
0
70
31
0
71
32
0
72
38
0
73
39
0
74
40
0
75
41
0
76
42
0
77
47
0
78
48
0
238
1
-1
1
65
1
-1
1
68
1
-1
1
71
1
-1
1
114
4
-1
3
230
20
0
68
38
0
73
47
0
78
1
-1
1
81
14
-1
3
232
4
0
67
18
0
3
20
0
68
21
0
69
22
0
70
31
0
71
32
0
72
38
0
73
39
0
74
40
0
75
41
0
76
42
0
77
47
0
78
3
-1
1
47
18
0
3
32
0
4
9
-1
3
234
20
0
68
22
0
70
38
0
73
39
0
74
40
0
75
41
0
76
42
0
77
47
0
78
1
-1
1
72
1
-1
1
83
1
-1
1
102
1
-1
1
69
1
-1
1
115
1
-1
1
55
6
-1
3
241
20
0
68
22
0
153
36
0
160
38
0
73
47
0
78
1
-1
1
100
44
1
-1
8
9
-1
9
20
39
30
39
35
39
38
39
51
39
53
39
59
39
106
39
24
-1
10
7
27
18
32
19
36
20
40
28
49
29
52
30
54
34
58
35
60
38
63
41
66
50
105
51
107
53
110
55
113
59
115
61
118
64
120
106
167
108
170
111
172
116
175
168
211
1
-1
79
1
-1
203
10
-1
80
100
163
127
181
141
196
164
208
186
222
197
229
223
237
230
239
241
242
1
-1
81
1
-1
125
2
-1
82
124
179
2
-1
137
134
189
1
-1
83
1
-1
84
1
-1
161
1
-1
85
1
-1
86
1
-1
87
35
-1
11
31
56
44
88
48
56
57
56
62
56
65
56
70
88
78
88
104
56
109
56
112
56
114
56
117
56
119
56
121
56
134
88
153
88
166
56
169
56
171
56
173
56
174
56
176
56
177
56
184
88
191
88
210
56
212
56
213
56
214
56
219
88
225
88
232
88
233
56
1
-1
12
1
-1
13
9
-1
138
44
89
70
130
153
204
184
218
191
228
219
236
225
228
232
240
1
-1
90
1
-1
91
1
-1
92
1
-1
223
1
-1
14
1
-1
93
3
-1
127
142
197
198
230
1
-1
94
1
-1
143
2
-1
144
143
199
3
-1
15
18
33
28
33
3
-1
95
139
193
140
195
2
-1
102
165
209
1
-1
103
1
-1
96
2
-1
97
68
126
13
-1
16
19
37
29
37
34
37
41
37
50
37
55
37
61
37
64
37
108
37
111
37
116
37
168
37
13
-1
98
69
128
71
132
139
194
140
194
142
128
147
200
151
201
161
206
162
207
178
215
198
128
234
241
4
-1
99
69
129
142
129
198
129
1
-1
162
1
-1
17
2
-1
18
7
28
12
-1
19
7
29
18
34
20
41
28
50
30
55
35
61
38
64
51
108
53
111
59
116
106
168
8
-1
20
7
30
18
35
19
38
28
51
29
53
34
59
50
106
48
expecting: 'import', 'plane', 'declfirst', 'func', 'using', 'expose', newline
expecting: string
expecting: identifier
expecting: 'import', 'plane', 'declfirst', 'func', 'using', 'expose'
expecting: EOF
expecting: 'plane', 'declfirst', 'func', 'using', 'expose'
expecting: newline, EOF
expecting: ')', ',', newline, 'xxxIndentClose', EOF
expecting: newline
expecting: '='
expecting: '('
expecting: 'declfirst', 'func', EOF
expecting: 'declfirst', 'func', 'using', 'expose'
expecting: 'for', 'declfirst', '{', 'if', '(', 'decl', 'func', newline, identifier, integer, rational, string, 'xxxIndentOpen'
expecting: ')', identifier
expecting: '}', '(', newline, identifier, integer, rational, string
expecting: '{', '(', newline, identifier, integer, rational, string, 'xxxIndentOpen'
expecting: '(', identifier
expecting: 'xxxIndentOpen'
expecting: '-', '+', ')', 'lt', 'or', '*', 'nand', 'gte', 'dne', '}', '/', 'gt', '{', '(', 'and', 'xnor', 'xor', 'nor', 'eql', 'to', 'lte', '.', ',', newline, 'xxxIndentOpen', 'xxxIndentClose', EOF
expecting: '-', '+', ')', 'lt', 'or', '*', 'nand', 'gte', 'dne', '}', '/', 'gt', '{', '(', 'and', 'xnor', 'xor', 'nor', 'eql', 'to', 'lte', '.', ',', newline, identifier, 'xxxIndentOpen', 'xxxIndentClose', EOF
expecting: 'for', 'declfirst', '{', 'if', '(', 'decl', 'func', newline, identifier, integer, rational, string, 'xxxIndentOpen', 'xxxIndentClose'
expecting: '-', '+', ')', ',', newline, 'xxxIndentClose', EOF
expecting: '-', '+', ')', 'lt', 'or', '*', 'nand', 'gte', 'dne', '/', 'gt', '{', '(', 'and', 'xnor', 'xor', 'nor', 'eql', 'to', 'lte', '.', ',', newline, identifier, 'xxxIndentOpen', 'xxxIndentClose', EOF
expecting: '-', '+', ')', 'lt', 'or', '*', 'nand', 'gte', 'dne', 'else', 'elif', '/', 'gt', '{', '(', 'and', 'xnor', 'xor', 'nor', 'eql', 'to', 'lte', '.', ',', newline, identifier, 'xxxIndentOpen', 'xxxIndentClose', EOF
expecting: ')', 'else', 'elif', ',', newline, 'xxxIndentClose', EOF
expecting: '-', '+', ')', 'lt', 'or', '*', 'nand', 'gte', 'dne', '/', 'gt', '(', 'and', 'xnor', 'xor', 'nor', 'eql', 'lte', '.', ',', newline, 'xxxIndentClose', EOF
expecting: '{', newline, 'xxxIndentOpen'
expecting: ')', ','
expecting: 'from'
expecting: newline, 'xxxIndentOpen'
expecting: '}'
expecting: 'lt', 'gte', 'dne', 'gt', '{', '(', 'eql', 'lte', '.', newline, 'xxxIndentOpen'
expecting: ')', newline
expecting: ')', '(', '=', '.', ',', newline, identifier, 'xxxIndentClose', EOF
expecting: '(', '.', identifier
expecting: ')'
expecting: 'xxxIndentOpen', 'xxxIndentClose'
expecting: newline, 'xxxIndentClose'
expecting: ')', 'for', 'declfirst', '{', 'if', '(', 'decl', 'func', newline, identifier, integer, rational, string, 'xxxIndentOpen'
expecting: ')', '=', ',', newline, 'xxxIndentClose', EOF
expecting: 'dyn', '{', 'void', newline, 'xxxIndentOpen'
expecting: '-', '+', ')', '*', '/', '(', '.', ',', newline, 'xxxIndentClose', EOF
expecting: '-', '+', ')', '(', '.', ',', newline, 'xxxIndentClose', EOF
expecting: ')', '(', '.', ',', newline, 'xxxIndentClose', EOF
expecting: ')', '{', '(', '.', ',', newline, 'xxxIndentOpen', 'xxxIndentClose', EOF
expecting: '(', 'to', '.'
expecting: '{', '(', '.', newline, 'xxxIndentOpen'
243
0
1
1
2
2
2
2
3
4
5
6
6
7
5
7
3
5
5
3
5
5
8
8
9
10
8
8
6
3
5
5
11
6
3
5
5
6
5
5
5
6
12
3
5
13
14
5
5
11
6
5
5
6
5
6
12
6
11
6
5
6
12
11
6
12
11
6
2
15
16
13
16
17
18
19
20
20
20
21
22
23
24
24
24
7
23
7
7
7
7
23
7
7
7
25
22
20
23
26
7
27
28
28
28
11
6
5
6
12
11
6
12
11
6
11
6
12
11
6
11
6
11
29
24
30
31
31
27
32
27
33
34
35
36
21
37
24
38
38
16
16
27
16
25
7
16
16
16
16
16
16
16
16
39
16
16
16
16
16
16
2
16
16
7
27
2
11
6
12
11
6
11
6
11
11
6
11
11
16
8
24
25
20
36
13
40
41
37
24
38
24
21
24
22
42
22
7
27
16
7
43
43
23
28
28
23
44
45
7
28
11
6
11
11
11
46
31
20
7
13
27
27
7
27
24
21
24
24
38
25
27
23
13
11
16
24
7
7
24
25
28
47
7
