1
137
49
9
9
1
10
10
2
11
12
3
13
13
2
14
31
3
32
32
4
33
33
3
34
34
5
35
35
6
36
38
3
40
40
7
41
41
8
42
42
9
43
43
10
44
44
11
45
45
12
46
46
13
47
47
14
48
57
15
58
59
3
61
61
16
63
90
3
92
92
3
94
96
3
97
97
17
98
99
3
100
100
18
101
101
19
102
102
20
103
103
21
104
104
3
105
105
22
106
107
3
108
108
23
109
109
3
110
110
24
111
111
25
112
112
26
113
115
3
116
116
27
117
117
28
118
118
29
119
119
3
120
120
30
121
122
3
123
123
31
124
124
3
125
125
32
126
65535
3
0
0
11
11
12
33
14
31
33
33
33
33
36
38
33
48
57
34
58
59
33
63
90
33
92
92
33
94
122
33
124
124
33
126
65535
33
0
4
9
33
35
34
34
36
35
47
35
58
65535
35
3
9
9
37
11
12
37
14
65535
37
0
0
0
0
0
0
0
1
42
42
38
2
46
46
39
48
57
15
0
5
11
92
-5
94
109
33
110
110
40
111
122
33
124
65535
-5
9
11
92
-5
94
100
33
101
101
41
102
109
33
110
110
42
111
120
33
121
121
43
122
122
33
124
65535
-5
9
11
92
-5
94
107
33
108
108
44
109
112
33
113
113
45
114
119
33
120
120
46
121
122
33
124
65535
-5
9
11
92
-5
94
110
33
111
111
47
112
113
33
114
114
48
115
116
33
117
117
49
118
122
33
124
65535
-5
5
11
92
-5
94
115
33
116
116
50
117
122
33
124
65535
-5
7
11
92
-5
94
101
33
102
102
51
103
108
33
109
109
52
110
122
33
124
65535
-5
3
11
115
-23
116
116
53
117
65535
-23
7
11
92
-5
94
96
33
97
97
54
98
110
33
111
111
55
112
122
33
124
65535
-5
5
11
92
-5
94
113
33
114
114
56
115
122
33
124
65535
-5
4
11
107
-21
108
108
57
109
122
33
124
65535
-5
3
11
110
-22
111
111
58
112
65535
-26
5
11
92
-5
94
114
33
115
115
59
116
122
33
124
65535
-5
3
11
110
-22
111
111
60
112
65535
-26
6
11
109
-19
110
110
61
111
111
62
112
119
33
120
120
63
121
65535
-21
0
0
1
11
65535
-5
1
11
65535
-5
1
9
65535
-7
0
1
9
65535
-8
6
9
9
64
10
10
65
11
12
64
13
13
65
14
41
64
43
65535
64
1
48
57
66
5
11
92
-5
94
99
33
100
100
67
101
122
33
124
65535
-5
5
11
92
-5
94
98
33
99
99
68
100
122
33
124
65535
-5
4
11
100
-20
101
101
69
102
122
33
124
65535
-5
3
11
109
-19
110
110
70
111
65535
-19
6
11
92
-5
94
104
33
105
105
71
106
114
33
115
115
72
116
65535
-30
3
11
107
-21
108
108
73
109
65535
-28
5
11
92
-5
94
111
33
112
112
74
113
122
33
124
65535
-5
3
11
113
-27
114
114
75
115
65535
-27
3
11
110
-22
111
111
76
112
65535
-26
3
11
109
-19
110
110
77
111
65535
-19
3
11
100
-20
101
101
78
102
65535
-44
1
11
65535
-5
3
11
111
-48
112
112
79
113
65535
-48
3
11
100
-20
101
101
80
102
65535
-44
3
11
109
-19
110
110
81
111
65535
-19
3
11
113
-27
114
114
82
115
65535
-27
1
11
65535
-5
4
11
96
-26
97
97
83
98
122
33
124
65535
-5
1
11
65535
-5
4
11
104
-46
105
105
84
106
122
33
124
65535
-5
3
11
104
-46
105
105
85
106
65535
-61
3
11
110
-22
111
111
86
112
65535
-26
3
11
113
-27
114
114
87
115
65535
-27
4
11
92
-5
94
119
33
120
120
88
121
65535
-21
3
9
41
-40
42
42
89
43
65535
64
3
9
41
65
42
42
90
43
65535
65
1
48
57
66
1
11
65535
-5
3
11
107
-21
108
108
91
109
65535
-28
1
11
65535
-5
1
11
65535
-5
4
11
101
-24
102
102
92
103
122
33
124
65535
-5
3
11
100
-20
101
101
93
102
65535
-44
1
11
65535
-5
3
11
110
-22
111
111
94
112
65535
-26
1
11
65535
-5
4
11
92
-5
94
108
33
109
109
95
110
65535
-24
3
11
98
-43
99
99
96
100
65535
-43
1
11
65535
-5
3
11
110
-22
111
111
97
112
65535
-26
1
11
65535
-5
3
11
99
-42
100
100
98
101
65535
-42
1
11
65535
-5
3
11
109
-19
110
110
99
111
65535
-19
3
11
109
-19
110
110
100
111
65535
-19
3
11
99
-42
100
100
101
101
65535
-42
3
11
113
-27
114
114
102
115
65535
-27
1
11
65535
-5
5
11
59
-5
63
72
33
73
73
103
74
90
33
92
65535
-5
9
9
9
104
10
10
105
11
12
104
13
13
105
14
41
104
42
42
89
43
46
104
47
47
106
48
65535
104
5
9
41
105
42
42
90
43
46
105
47
47
107
48
65535
105
3
11
101
-24
102
102
108
103
65535
-73
1
11
65535
-5
1
11
65535
-5
3
11
114
-30
115
115
109
116
65535
-30
1
11
65535
-5
1
11
65535
-5
3
11
113
-27
114
114
110
115
65535
-27
1
11
65535
-5
3
11
100
-20
101
101
111
102
65535
-44
5
11
92
-5
94
102
33
103
103
112
104
122
33
124
65535
-5
1
11
65535
-5
1
11
65535
-5
3
11
109
-19
110
110
113
111
65535
-19
7
9
9
114
10
10
115
11
12
114
13
13
115
14
41
114
42
42
116
43
65535
114
3
9
41
115
42
42
117
43
65535
115
0
0
3
11
104
-46
105
105
118
106
65535
-61
3
11
100
-20
101
101
119
102
65535
-44
3
11
115
-23
116
116
120
117
65535
-23
1
11
65535
-5
1
11
65535
-5
3
11
99
-42
100
100
121
101
65535
-42
1
9
65535
-106
1
9
65535
-107
3
9
41
-91
42
42
116
43
65535
-91
3
9
41
105
42
42
117
43
65535
-92
3
11
113
-27
114
114
122
115
65535
-27
1
11
65535
-5
1
11
65535
-5
3
11
100
-20
101
101
123
102
65535
-44
3
11
114
-30
115
115
124
116
65535
-30
3
11
109
-19
110
110
125
111
65535
-19
3
11
115
-23
116
116
126
117
65535
-23
3
11
115
-23
116
116
127
117
65535
-23
1
11
65535
-5
7
11
59
-5
63
66
33
67
67
128
68
78
33
79
79
129
80
90
33
92
65535
-5
3
11
107
-21
108
108
130
109
65535
-28
3
11
111
-48
112
112
131
113
65535
-48
3
11
110
-22
111
111
132
112
65535
-26
3
11
100
-20
101
101
133
102
65535
-44
3
11
114
-30
115
115
134
116
65535
-30
3
11
109
-19
110
110
135
111
65535
-19
3
11
100
-20
101
101
136
102
65535
-44
1
11
65535
-5
1
11
65535
-5
1
137
-1
43
38
39
44
-1
45
22
2
7
1
37
0
36
17
40
30
39
39
39
39
39
39
39
39
39
39
39
39
39
39
20
13
39
39
-1
42
45
-1
-1
39
39
39
39
39
39
39
39
39
39
19
21
39
3
39
39
5
39
29
39
39
39
39
39
-1
-1
41
24
39
11
6
39
39
28
39
4
39
39
10
39
33
39
27
39
39
39
39
26
39
-1
-1
31
16
15
39
14
32
39
9
39
39
23
25
39
-1
-1
45
46
39
39
39
12
34
39
-1
-1
-1
-1
39
35
8
39
39
39
39
39
18
39
39
39
39
39
39
39
39
39
39
